fx: 613.825
fy: 613.384
cx: 225.548
cy: 431.125
tx: 40
mind: 300
maxd: 2000
f0: 613.825
