fx: 622.487
fy: 622.025
cx: 235.438
cy: 432.766
tx: 40
mind: 300
maxd: 2000
f0: 622.487
