fx: -1.17955e-38
fy: -6.7347e-40
cx: -6.7347e-40
cy: -6.7347e-40
tx: 40
mind: 300
maxd: 2000
f0: -1.17955e-38
