fx: 621.876
fy: 621.396
cx: 236.309
cy: 424.192
tx: 40
mind: 300
maxd: 2000
f0: 621.876
