fx: 4.03125e+37
fy: -5.61114e-39
cx: -3.59123e-37
cy: -3.59133e-37
tx: 40
mind: 300
maxd: 2000
f0: 4.03125e+37
